0.25762311438751456
0.23493767638550384
-0.08788466299687919
0.06364962877254926
0.26314544395798417
0.19294384917668467
-0.1714421928894982
0.17449261831566482
-0.09736853991340916
0.28912265180774815
-0.5723421272424447
-0.6193612801346233
-0.39406847453863597
0.08709034746606786
-0.05765463559021744
-0.009310134168029005
0.28483314465915194
0.4207093179358466
0.4055891745342926
0.7172703409724968
0.7041769046683799
0.7238634802427388
0.9223807674124453
0.9734294313510576
0.9265147507416034
0.8002000270878347
1.0027120600951778
0.5548203721507978
0.36344894674861045
0.24291630461577302
0.30761733737348457
0.6615338204712276
0.4628588180837155
0.5472594159504764
0.5702406619195692
0.3064641879975512
0.6277218751467528
0.49232851564750063
0.4942990994543471
0.5235138881548542
0.6698147023122287
0.9662900428119967
0.6848603828802793
0.41446505616583657
0.37044847115289353
0.1026893514069081
0.4991164491217808
0.703968423193696
0.6731935663192321
0.5150794223400468
0.39892928968084346
0.3108548821126245
-0.005720515947395144
0.3335477337414798
0.12138098818242843
0.2899798416747526
0.381807631665357
0.09295974892866471
0.770281328735223
0.5596083990460665
0.6784786483934104
0.07536927317940584
0.05694591200116622
0.05823292184781553
0.2852548820175154
-0.10739647263188584
0.10081015825970391
-0.36430289900888896
-0.6621651005691427
-0.3980040428346629
0.04602335271486374
-0.41341993119960224
-0.09493759396390672
-0.06966228317122586
0.519152844578251
-0.16896246905591766
0.17961619109488708
0.57902176816976
0.8234445094830705
0.7301583851850586
0.6716597350634157
0.8973876246652257
0.962670156249475
0.6096733118351108
0.8457292200830901
1.0460300489037702
1.1964484261993624
1.086881388921496
1.0744658160389682
1.1411933800798801
1.2865296648382858
1.0609631377435351
0.8404980290644775
0.8463566209787532
0.26116090948370313
0.3693447399813777
0.580894177931736
0.8219922160400845
0.8514710333482853
0.709061090773613
0.7328809001871106
0.6558766308956161
0.833171680539176
0.6742378213315947
0.8088057908115174
1.105685965356175
1.2621496712753866
1.0913399118998
1.1049771556204713
0.9083497523076878
0.917263829718401
0.8256135316880491
0.963591867929509
0.025864597961708313
-0.3286729179872078
-0.3650627766159981
-0.3814672665495295
-0.27640599736407045
-0.2076591927483828
0.004637966698075646
0.19550491943057907
-0.1619866481716284
-0.3354235399464438
0.1338017242486778
0.007429552643382131
0.12142300321091187
0.37875964890323593
0.6288355689236245
0.8662755188165276
0.47809200532253043
0.9832554092010446
1.3360267018472298
1.2405365548559575
1.161707072833835
1.24742731494802
1.3181198326118955
0.8321489547527874
0.7622905734126963
1.1240789293820452
0.6450532979348724
0.8206080927481862
-0.9778565284255334
-1.3571477131531136
0.16279758977679687
0.6486754711316165
-1.1994825880344073
0.434839950252034
0.12173970996974709
0.59199931266287
-2.0696083869509496
-2.9482142181749
-1.6021431448035386
-1.0591755072699625
-1.8700435035813425
-1.7576114360910517
-2.4513470580330927
-2.399256689759468
-2.1781046772709476
-1.9860163078505229
-2.2839568168865507
-4.288880935987592
-2.418236145706263
-0.6797867077686994
-0.1843191844391085
-0.291210470255905
0.049455477741988496
0.5990708362358554
0.47275739710242864
0.6887771263133673
0.7693915653704606
0.9650334962263172
0.8389690767960742
0.3106744971038043
1.0498608671726253
1.0791700499458712
1.0166985054281226
1.0831268827339307
1.2479990472671132
0.6614190254816601
1.030611487254783
0.6534957984350636
1.1163971830048107
1.06717991264242
0.07893363653896329
0.6249987299382112
0.7114018461170473
0.8517969153323295
0.11982710167986915
0.5109324712418062
0.3977002504602772
0.5442438810719115
0.8832860735741586
0.7304792070633817
0.37550870765051086
0.5584869809974482
0.09157005130350832
0.009477833226540888
0.08175511474789571
-1.1062991095521648
-0.15664558205665918
-0.4100794147719377
-0.10725051729462656
0.1944893550944597
-0.40201834286121757
-0.670000002276719
0.10368808688206582
-0.23403133487644173
-0.24409911245609334
-0.5242609319370997
-1.1458173708518584
-2.7367530549299164
-1.5311172573099785
-0.44260068319383955
-0.0033329463343176324
-0.298818682503835
0.2137346461138992
0.3717199538840948
0.3028255584162423
0.40630611209052886
0.2785116561521928
0.5969234839808755
0.7928900729981969
-0.21008609644712078
-2.0325230079389827
-0.867411955747668
0.259907851085812
0.13199097207702898
0.7698786779064923
0.541610659218126
0.003479877153358679
-0.2306085390165113
-0.9832764113647492
-2.0949854224411064
-1.9923500948774848
-1.291094208302937
-0.805805087221932
-0.5750112510842902
-0.32436615656735873
-0.29618413692939266
-0.02797552428866329
0.26710197200578484
0.44879054283591097
-0.827388127675668
-2.0550375091804365
-2.181754744336853
-1.659457310707009
-1.052434162854549
-0.48307441289329106
-0.7446172817403223
-0.29997140057337507
0.15428679880556456
0.4692517679883564
-0.04687674568242234
0.2703961926514589
-0.9343035483907813
-0.2889892268311313
0.23871328511849016
0.3536761337184389
-0.555068099103496
-0.0359405900914333
0.08992246294125145
0.2448088164362699
0.7660357398294773
0.23301348819299356
-0.007541807455254623
0.8614331618356739
1.0097621324504324
0.46044455053029615
0.327062893129815
-0.38460872815123265
0.373842625944446
-0.449770370938056
-0.07683876087599745
-0.22600791934249437
-0.33865676136320294
-0.6875583593009149
-0.09643107833338921
-0.7203274212113822
-0.7621344202406621
-1.0686794443385217
-0.5316228968502108
-0.9610615585481217
-0.8194102801433012
-1.008473925109471
-0.6263540503019753
-1.146410187273492
-0.436630704848534
-0.09346716674644301
-0.10483756722330612
-1.482080621018002
-0.3719014402689555
-0.7250312815439186
0.19667681750611427
0.477068626575796
-0.08383284512955863
0.21957658030797395
0.1363423943070357
0.6136801132502423
0.6931925267323165
0.809961491652847
0.41956365079226315
0.6352947955666972
0.04304807249771053
-0.753853338553615
-1.520639808328183
-2.4433929375668355
-1.5163628833419476
-2.5029804917014515
-0.08404644683747858
-2.429807268462834
-1.6644859329257942
-0.382759171565331
-0.6002785480287127
-0.26584891544587247
0.23246909252672815
0.08871890940083166
0.48473343387473894
0.505260468444096
0.38212542753662354
0.23661764304759286
0.2341894062081294
0.40172644353433623
0.5980078604476631
0.8619209254721587
1.356842967114739
0.18032057858802975
-2.3755501699013926
-0.6892546791874838
-0.3201313187879486
-2.920567184693254
-0.6258857354971903
-0.018100537425205843
0.1818539845413228
0.16398005223434914
-0.35456749677566507
-0.48100245693777816
0.009500859598341294
0.27080640642013637
0.24307967038582873
0.19762602655702605
-0.033292461382316174
-0.24992941513487849
0.5558713804218722
0.6824187785223967
0.2924812815452745
0.5948123330555204
0.7423253489196739
0.4983761594795529
0.3214663367668629
0.23969168729297446
0.2678444709653001
-0.09075623212109613
0.19050876072548678
0.5877976701750891
-0.5739545652903606
-0.6747887200322855
-0.1955030819204741
-0.7316013847812306
-0.3492151412999937
0.7191218342982071
0.8544111151593292
-0.5237714778370417
0.07114713698692904
0.4365455444596423
0.2202656873626439
0.7328933953111354
0.5583773204234157
0.3273717023794754
-0.12609947193853016
0.6915285825468855
1.6441878118657203
0.174927396122935
0.5241846378245054
0.6660622668128211
0.7745170030269277
0.9285010761522361
0.6092052547108475
0.9041389209168782
0.7222600964315304
0.04250622136333876
-0.3062123705720481
0.1296673159333806
0.44545885831734405
0.561762579750668
0.6087959565042438
0.002690935490658408
0.43575552181312266
0.910294350879963
0.4714621638613868
0.6076490518311763
0.6076789254482946
0.30809394043700894
0.4465295906745191
0.3390131578372125
0.570878349360034
-0.31757098919101806
0.24978496582970472
0.5716897626713353
0.5930914750750882
0.461532537769162
-0.09403258555148647
-0.8778698968750254
-0.37939872328902996
0.14944851416987226
0.5434047630743837
-0.38682728105944664
-0.02524006323777911
-0.0995586625483777
-0.4769345150101409
-1.7752444853260083
-1.8353499803128164
-0.6137389418419013
-0.2408106709387568
0.2925872754675967
0.1121961942490573
-0.6248345672091247
-0.611104914948047
-0.1882317718468715
-0.3172077601136109
-1.7261892500511933
-0.508894922202596
0.026800053926503253
-0.10195617996385992
-1.2449552970769686
-1.4171253777349804
-1.3652296033144704
-1.2444996196121731
-0.7452392235936756
-1.1441864360603728
-1.9995585738161379
-2.284714070331638
-2.368089426171973
-2.0761901523971296
-0.8493189943300228
-0.48565312039787195
-0.1990760632060053
-0.469121797006047
-0.46769378837213765
-1.09531720860733
-0.7132156622241099
-0.12323101996654423
-0.8829391406537137
-0.7588772639281631
-0.5038734282569288
-0.13321637610429876
0.3370566062513181
0.03927661033085467
-0.7251807696896644
-0.4244343075100328
0.07740547021389582
0.376933336150936
0.2917171176190639
0.39109665734540117
0.42139500772002353
0.5186597644408446
0.4715221374500092
0.2848849769525235
0.6067073362828699
0.5267074071986084
0.2787368087325464
-1.0590571605423118
-1.880173032811926
-1.4595678763048736
-1.4709790796702966
-1.8353665712761733
-1.3423217446609257
-0.3847363897241249
-1.0177139780399995
-0.7429516042325595
-0.7915442853669414
-0.6735557499523865
-2.3846960006625815
-1.382594746627302
-0.7471312803306973
-0.36863668048642223
-0.37713441703397627
-1.4445782579041608
-1.7476347293448329
-1.2400628592748004
-1.9486443061622436
-2.2158614233021363
-1.39559349562424
-2.6370955918103287
-3.273314975035692
-1.4636964027178203
0.04503159250952821
0.10604962712930327
-0.15179508213913068
-0.3547383569128095
0.15240013338999475
-0.25018172208697514
-0.13614529467538644
0.3629810053951615
0.5412698650558572
0.48692489808159173
0.6463778701490492
0.46233655027192705
0.6484398299174965
0.4839825855535829
0.399848710819901
0.346147043560941
-0.09014184753301241
-1.577227502772615
-1.1352032105615872
-0.7463194916929934
-0.324352504546711
-0.3193264482509705
-1.4582097991346312
-1.0640431515781683
0.24184027781181167
-0.43382642636102003
0.3851445073238556
0.6225109862537146
-0.40550427295220043
0.5144814381170304
0.5483632323209948
0.9275650187592952
1.0590840361521237
0.8437284273046242
0.8336895371235802
0.6279705643133011
0.6972355437292201
0.41820650474087256
-0.17418413505549218
-1.700951664847105
-1.1354547435480087
0.011351200278037432
0.5795762940516698
-1.2855587190637732
-0.9905962911725286
-0.5937419284135734
-0.039071684190871536
0.20816101224392886
0.2653064810179338
-1.5321464026526213
-2.5727798937555426
-0.48140104901532393
-1.7533967644283261
-1.0765792040684798
-1.8803941518484295
-3.1619388261096364
-1.2106953911434302
-0.7093983438596208
-1.2019094474658252
-0.263114180335522
0.3505275139490041
0.34470031267290874
-0.09326536789170942
0.31092562034960053
0.30999635511659546
-1.256734523843761
-0.42219392322114535
-0.17667031852705567
-0.24550935909951183
-0.6083053299554313
-2.075418552190747
-3.3242627516431074
-2.3319869495073315
-1.9065537060929871
-1.143265632331152
-0.5492092846077854
-0.5476152698685366
-2.2146631056743096
-1.5663770663111138
-0.387260320731215
-0.1255196852645965
0.08000475426052961
0.47235105546415285
-0.31777656857442355
-1.14159178528243
-1.280366081652051
0.0505561418729899
0.5356992018867326
0.21755915862374914
0.3960850856455454
0.12815445106283213
0.3983033040709823
0.010972638419012581
0.01986708184207525
-0.18751116881904267
-0.3647277983420662
-1.5264072589218587
-2.3268115420323876
-3.997901770573939
-2.7405955020255983
-1.3521983902517245
-1.1446683546754384
-2.170966227714771
-2.5740492388616185
-1.2501019965542814
-2.009388955437131
-3.058504272604242
-2.0278557129393557
-2.563799873279471
-2.2691167577033364
-0.4028145620483598
-1.0919161571593115
-0.8324115905715066
-0.6020346112113424
-1.1985412421628088
-0.07327136225816194
-0.2958208078621067
0.18409271435008973
0.6450147108176305
0.5887480378648944
-0.030828021880852485
-0.5685326628246423
-1.4609082778476281
-0.7356119612947472
-0.271907214550352
-0.039189207726282926
-0.1354274162220041
-0.5032158371895503
-1.218040001019961
-2.680791722847703
-1.3894369087684104
-1.526888363789835
-1.3992042404532394
-0.9640808240629497
-1.2605578093884764
-2.4084229963067254
-3.460865949841675
-1.5489605036357614
-1.1298158646028822
-0.8246315306206691
-1.879022848219212
-1.3178250516264745
-2.124802589950187
-2.1220937652447023
-2.3049291236573537
-1.1217347166615779
-1.2677957857687419
-1.8039515064859193
-1.7571537451649701
-2.3257481806833478
-0.956587515539441
-0.3450781196611558
0.13370165400551476
0.09910084238110556
0.10259042299209337
-0.010550435825843418
0.1891338785561339
-0.14882405579217245
0.04986177087133942
-0.869657292334727
-2.8334147609029645
-1.9459072412878846
-0.964832865400634
-1.3849807013969604
-0.8684029745699122
-0.9282392689467576
-0.29246541549079214
-1.0778103362631197
-0.79470678001819
-1.0869911696298027
-1.7822251021148146
-2.6544123410365397
-2.5876098670735064
-2.099888478068262
-0.9571141936077188
-0.6454946778113599
-0.12490732164901147
-0.1506150471083771
-0.1322826709029336
0.07004008703651171
-0.510835979984508
-0.18501859066151
-0.14563309261393237
0.3107742016805262
-0.04857142392583719
0.4386804551420503
-0.2555335586180962
0.2614366539158904
0.29613098255560005
-0.22470073344601066
0.07410350766087986
0.17474785367898954
0.2906326810229772
-0.5959702877950359
-0.318341686467527
0.0738654379218982
0.23359962925766592
0.30964119977618704
0.38374509762179226
0.014089377705275574
-0.4362981884315668
-0.7124859616849901
-0.6046027093842061
-0.42444666510832246
-0.4103370099509582
0.2039386046457115
0.3258593552431795
-0.31803131805312573
-0.37108340170421766
-2.0049113993956116
-0.39680115138530575
-0.5747746005999406
0.16384357023728163
0.06534753413769351
-0.024141450292814504
-0.7235926918434925
-0.7816970581455507
-1.008727511221426
-0.4307634058884748
-0.5469454683340733
-0.3260267024561507
0.0015705281385945402
0.24372978593722677
0.2721659112339723
0.11042896308526601
0.15229709854732737
0.07248526579080689
0.1276126753123133
-0.11877393532339803
0.08529862788360304
0.10053693925168689
0.22344417699034552
-0.015864337343826918
-0.4556029886985324
0.03129588231699937
0.24700007041697863
-0.019317825550286494
-0.0645178748568957
-0.27767755691053136
0.1407497012557662
-0.377778365308101
-0.18239170840469304
0.10166557938192727
-0.07366150941649119
-0.9894297633753719
-0.6740453864017872
-0.5270043269167284
-0.25922523994939944
-0.2636647165789438
-0.10431758710676448
-0.2876245865620392
-0.27808713064012397
-0.2865215506409304
-0.7317791974127787
-0.8677995960958762
-0.5952641653859476
-1.373742510237541
-0.37385926921969953
0.2964825497201347
0.38752010082924243
-0.29074607174989026
-0.7356988872878512
-1.6050057803151672
-0.638400468799629
-0.3709422076073589
-0.2645951104275876
-0.37864100982206733
-0.055476247688809266
-0.5521242703763674
-1.8969324995237355
-1.95699675382078
-0.8031215906239841
-0.12302847892855778
-0.22536737213639152
0.20943469747669924
-0.07785581934087932
-0.3650421464379156
-0.4068476592763081
-0.2803141491743048
-0.10722487788296958
-0.12710662584381333
-0.727795354093377
-1.3815968410474795
-0.5201469911753482
-0.6419303852395053
-0.27520588426932385
-0.3032283631100278
-0.6333319737162257
-0.35538249418241347
-0.35570791946265307
-2.195819291401708
-2.542709979022417
-1.9101973818656626
-0.33192694587599564
-0.24249407433033626
-0.6203309679838966
0.035467887173551926
0.15748389768036591
0.23776595908787695
-0.03776704991425567
-0.574966158002798
-0.8175645391653539
-0.45275137408014804
-0.9240743880522986
-2.375536860635101
-1.863046245249343
-1.4983051090492994
-1.519076385110221
-1.7842240236829594
-2.9623262646700215
-2.091808766879829
-2.5024552476352038
-3.2264158511268657
-1.5447263434841323
-0.8863138106744113
0.01987966658546264
-0.06413603752912728
0.13127931055288816
0.07825927511154346
0.00987552829354793
-0.9704645540679857
-0.9365155244760197
-0.31024552524351784
-0.3002328793414983
-0.8015271936083364
-2.01910915894342
-1.521220875781214
-0.321841485835298
-0.15401470607926243
0.37508182634212234
0.2574673726882341
0.06435297534894119
0.331336890112148
0.48993546398861404
0.6283656826276378
0.5784954206684902
0.21483052960777754
0.42201815373706825
0.5196994706690525
0.6594772578919053
-0.04889644564718426
0.23266618650245646
0.24463116665970414
0.35364219595096863
0.23830752474825861
0.14648294384647403
-0.062004283934297105
0.32295600306822775
0.3329401149884022
0.07572626768352447
0.45348174163490534
-0.14571060083312587
0.07637990106574649
0.008207969382422686
-0.16820391559914544
0.1666083469421425
0.46757604724394924
0.49230466441830273
0.024550424296691464
-0.4185613319988554
-0.35495194804439006
-0.8720080837552258
-2.022133173652239
-3.160013281614306
-1.4858593608833066
-1.3630769412323926
-2.861470827628366
-3.779825281866081
-1.220184466730842
-0.18130658282641193
-0.45582280393451996
-0.22490482373619675
0.1635743494741389
0.06395262917648853
0.10346328837174684
-0.9564804032112375
-0.933724388474747
-0.4366493111128979
-0.23357426399417286
-0.3897287899588748
-0.26201256927602906
-0.9052222965835559
-0.23214925911661916
-0.08554797748624815
-0.8403181265096753
-2.098344808654907
-1.1279016200638041
0.060526320443953285
-0.0923661021858117
-0.01861933595425408
0.18211418354236858
0.5541021483974033
-0.20150463975837923
-1.3359060023796576
-0.7759349365055295
-0.20298087723994818
-1.18829626627347
-0.3648433954896963
0.03125489176693402
-0.2122469485417417
0.13992942796487934
0.001357634198653923
0.041955748080177824
0.22120405992930287
0.18448342101633336
0.11472470979677613
-0.1376237691988879
0.18933099064261621
-0.23725947895535499
-0.0416845875992517
-0.2570692522593789
-0.09543839077795696
0.01997362876633907
-1.2779630131131634
-2.3836365444692897
-2.7552937599399683
-1.1707667623760114
-1.7189004811996698
-0.5107746755076981
-0.5307003576857217
-0.00011116629723467719
-0.18888934412882366
0.004679174597929492
-0.31051618697007105
-0.10349934871530814
-0.17133615388912443
-0.05456651457006173
-0.9710862808076806
-0.5369208409653834
-0.602141239369758
-1.2340514248044057
-2.7480225987757687
-1.3188612338162906
-0.540506254484171
-1.0019487376558656
-0.7379748701821816
-2.0917779203133775
-2.494400093664779
-1.7462365612542727
-0.5370328979495242
-0.6609493993542015
-0.24228514542345952
-0.7465320993532509
-0.7455893924341674
-0.4966489715770767
-0.29301428049792094
0.03431582103170455
0.028382919511839966
-1.3057159372880676
-0.6137641476221105
-0.012322400171661918
-0.09018867564621019
0.13678818271414112
-0.3761953450245589
-0.7395894623369192
-0.9757608021860873
-1.1720954773906092
-1.0141389826534206
-0.7625479568497402
-0.5309506303536187
-0.8199284932130924
-0.37964127976713574
-0.38152310159230457
0.17355104261803717
0.5466913494286259
0.3544581635121716
0.5696354860712782
0.39729299571120996
0.6395518758456233
0.4304863322537396
-0.15181058197977187
-0.23241816313917746
-0.19114609076787098
-0.8279845169437257
-0.1281153306964657
-0.24705611370770758
-0.11499915424062629
0.29175738806399326
0.1656596478793147
-1.1775472954040282
-2.0285637110907406
-0.22713024738049564
-1.3198376451530096
-1.4574959737456872
-0.6845007874132436
-1.2022873427884784
-1.013197593282589
-0.327005205609536
-0.2691885790732475
-0.5346437873911094
-0.9758273095400953
-1.363467613325177
-0.8875368701281727
-2.1596610234154414
-3.1638636653659655
-2.0760746930896192
-0.3415448435164962
0.060496466052479214
-0.17054382450868272
0.0324167553229196
0.18432421316210795
0.39238142042592933
0.27037737213358276
-0.23714079269086924
-1.3923936446280505
-0.31444523841015276
0.041773097313956786
-0.01827750001131373
-0.11033296510008544
-0.9265232226799218
-0.4541447885712679
-0.46121413832427
0.014385145078247785
0.30250100877175484
-0.02413906922389314
0.3736847888370239
0.18233861464847295
0.1745757158802797
-0.22876564099748692
-0.9133090216893895
-0.6880829219281688
-0.9077958013551812
-0.0723660127492402
-0.05760270200417644
0.3593758926583333
-0.07827934858831725
0.31931418434806275
0.6239809337381594
0.7644176791934552
0.6099457363396679
0.5976971829047639
0.9373796405074535
-0.4710207099392229
0.4584681307810691
0.34783608416242934
0.5078776795966766
0.16603696690259834
-0.09432896044911282
0.330309339956344
-0.03144740902597726
-0.2887711611027794
-0.5206867641109214
-0.1415015563570951
-2.443279404510427
-1.6413580860658745
-0.35585659163971933
-0.4090465326101193
-0.04066416176258708
0.16624578204925716
0.4802149563203451
-0.8420724216332827
-2.8442059212942747
-1.315950916976657
-1.6889275349057884
-1.9152841393602598
-0.7630266064255353
-0.01381511801202312
0.33149582603313604
0.25670225274521724
0.009833529474713665
-0.6460644717595849
-0.2290526824171228
0.05983978125966677
0.013529684569201783
0.1570408983867851
0.3153969331491589
0.5406843314201464
0.2745724545956663
-0.4082721797907731
0.07827485395154926
-0.9240233951553412
-0.17778601782469944
0.10784770624678491
-0.10736530998410537
-0.9401549354393597
0.0582155582880165
0.19090525542776976
0.03936739786974491
-0.6492814198285821
-1.172282530289726
0.14939568872143144
0.7051434302540829
-0.21071255667418115
-0.6530784568412134
0.050440333370742885
0.3963272730036285
0.5281008903917972
0.3747883917521793
-0.5380231656922436
-0.27251956072453737
-0.15794546262154452
-0.09353672822081055
-1.7267353033475425
-0.40332771399337924
-0.46875681441033706
0.08565596727211072
-0.06482890337397923
-0.506308562220976
-1.472484104447506
-0.2467758746761441
0.4142213412214793
0.4525972919953573
0.3087034390518098
0.4964010439842899
0.9973304321667451
-0.03513697387564435
0.22899494299638007
-0.347891531897315
0.18221810796037846
-0.2897890033148564
0.7697967045216425
0.47193105419817344
-0.5608541793234003
-0.004652705824790437
0.09579089372226718
-0.10416383317958527
0.16741783778802627
-0.34650790638777246
0.6241878400092953
0.8667064917388478
-0.08319807946146945
-0.7330477825334529
-1.0243101038643452
-1.366696542366548
-0.931574953642127
-0.9326700543421507
-0.36442169612530345
-0.17780131345948597
0.009537354440957324
-0.05283854298730967
-0.011694097204176301
-0.6517128217539268
0.1078558561618384
-0.08041324083109619
-0.38124825798350964
0.14669760753509414
-0.22060487683504854
0.3751382246607807
-0.0776141445043998
0.2758803143456013
-0.5187504409255632
-0.7696016644172132
-0.16212759117895786
-0.13884941665571365
-0.09466476727742873
-0.37966863209478213
-0.7435186050052349
-0.39198298108688306
0.13275802435342127
0.2500725363907164
0.5330224990225898
0.4132930243678013
0.15731470630676397
0.4034755969933957
0.5166437187142388
0.8892855003262066
0.7988049578639933
0.6397793038856305
-0.770388877722741
-0.06381357960109718
-0.5541904956926904
-0.26801669226759434
0.15544775937571692
0.35322458241366333
-0.145423617771186
-0.9424287874073822
-1.6762978972084104
-0.9752628112477095
-0.16409125552573406
-0.27515936823749837
-0.09211011628920102
0.0811224390664898
-0.4298790392462199
-0.47622432800186204
-0.2768975504590389
-0.027309860225408655
-0.01188727383669147
0.2703528405521605
0.1907271973872649
0.7792299961499849
0.854502525349025
0.824346907717397
0.8819541603294587
-0.1465245480008563
-0.4986120162784046
-0.3339858666969781
0.06613743514669751
-0.37203978687890576
0.18066144995257388
0.5566097313553622
0.8512792635943074
0.9517728968370156
0.9634790185350506
1.0121589061716405
0.4955283330503966
0.8763616738087026
0.8864402213331977
0.717714185101656
0.6111162094236604
0.540474393061982
0.2708848066691239
0.28483928334069414
0.5071569514849712
-0.2154579864803084
-0.21146559939173953
0.049730801169362404
-0.4714106495188754
-0.5862381972652426
-0.6398918153835094
-0.309717679520536
-0.9820605776209879
-0.4121850495485028
-0.13991997312667698
0.12775668992613426
0.05086008631698263
-0.3188029974731727
-0.2014774451659193
-0.04719168359450865
-0.323102384350014
-1.1776874985881907
-1.516243867023533
-1.1410455509620847
-0.9005578959355167
-0.5834356342034492
-0.4065082300757296
-0.5011326577906103
-0.7436280745387698
-0.820691593199079
-0.5004499958060922
-0.23844104852942544
-0.11940812064306144
0.15070308904350466
-0.2430418510394569
-0.17062667511451463
-0.13545384737296862
-0.44280323655343573
-0.3871844576709155
-0.6152978967391325
0.32929753736262596
0.49662265038876446
0.4453542022363047
0.40809653842702015
0.44506448504013535
0.10597494193122509
0.43633948209111556
0.346664675350936
0.5027210691891295
0.5802542037303822
0.34836151540765875
0.2962616052461356
0.38286341014511766
0.2705295952864744
-0.3643833215416758
-0.3819250366596642
-0.16041125963753905
-0.42832783429324944
-0.24805745444825333
-0.1772619517129665
-1.260480521106446
-1.8125970339670319
-1.9925524157384904
-2.499013390258692
-2.370441073431358
-3.0104509286998
-2.1185724945303295
-0.8922315413516031
-0.13158756024217205
-0.017748309009822882
0.19786875322787117
0.10366498017236375
0.2659656011409191
0.4188362361949987
0.5324610652650874
0.4574671254201184
0.19251297983533738
0.21832886863061535
-0.07066658192372549
0.24434434560905977
-0.18695048010292464
-0.22095842275619731
0.16834405951626358
0.13205446551804584
-0.035717612530010434
-0.6218208710982578
-0.4180421954436821
-0.231496892017571
0.31240453827931797
0.31541065133182605
0.3506668160144975
0.443583806912727
0.339974507224792
0.26348822860723625
0.5036363230188321
0.34876225420399926
0.1011661441436667
-4.797432472871149
-5.011115390854721
-3.793458284388803
-4.429608904775616
-4.287776406113169
-4.289832002046923
-3.6155120349360224
-4.357853091436773
-4.042356765916908
-3.622156659899607
-3.7426860442978014
-3.9781907884002954
-3.623725070603648
-3.9131272007502633
-4.218984360793393
-5.039117244187912
-5.492841254959039
-5.620412138393368
-5.926148746063079
-5.903143707136605
-6.276433256412538
-4.661875233503986
-4.818789498599687
-4.110946593351315
-3.7762143727183406
-4.258576788691136
-3.7137830469449997
-4.325199797185942
-4.350544985360354
-3.730294978152649
-4.168487763193526
-4.593070804767057
-4.645480082427438
-4.410849376170683
-4.265542365063793
-4.393660056878357
-3.9291200727328386
-3.7556858151672072
-4.158771234873784
-3.7349041492106805
-3.2905099125301547
-3.71773916091063
-4.127357406632376
-4.138495177393435
-4.355712446184276
-4.154960149996497
-3.8129646272672635
-3.6479503394508064
-3.4941630075260366
-3.3068685508181725
-3.413398834156762
-3.816364881992983
-3.8376534660999693
-3.665393211828733
-3.246405157587475
-3.569367953777371
-3.7785286898244546
-3.9372288618178852
-3.322390617857845
-3.683671210781419
-3.7853527840292744
-3.8408231027147433
-4.13870335066137
-3.9799170751491717
-3.645399750934717
-3.580639490985934
-3.7534354775652745
-4.038899011850837
-3.617474029362604
-3.3155942549149304
-3.3221707804863887
-3.26334662409876
-3.652687569087632
-3.7126065007142057
-3.783128404988078
-3.571026050815022
-3.253267249209953
-3.4575761440324055
-3.442329517861621
-3.7882772274781753
-3.887368511699735
-3.4518075849461405
-3.2808759161029464
-3.332040680914655
-3.6296875380906655
-3.6294463165436324
-3.5399886351780396
-3.761223838614501
-3.284104253977309
-3.835750547875668
-3.539967121144299
-3.8858985628627267
-3.9505778896058117
-3.214453862063086
-3.5166332879912483
-3.321129379167631
-3.390935792860082
-3.1709687709841803
-3.1032385451324336
-3.361845054904744
-3.2217481803506725
-4.009808953171686
-3.969394674793047
-4.348543590858175
-5.084082085823706
-5.367016737237513
-5.0165164108456395
-4.676325790746742
-4.251762046639405
-4.21492586687413
-3.795130477634466
-3.4253657131408275
-3.440016138399594
-4.039384839460293
-6.089103350815961
-6.065663293524345
-7.390738710279905
-7.562218490231402
-7.871022810590805
-6.423678585122461
-6.663068142788362
-6.326819077996571
-6.17762472856003
-5.353484332542376
-5.815097400503349
-6.463023814141884
-6.508846312633549
-5.593682682620276
-6.281500490480277
-6.213132227987365
-5.597027543075922
-6.0643050812381665
-5.514246366945631
-5.3402619381793075
-5.197292539307229
-5.344525229418643
-4.9958192658748
-6.0305203165072285
-5.106149289642744
-4.790473547110338
-4.981809250467284
-6.005205241919709
-5.748387415496321
-5.98606040167516
-5.484752796793982
-5.725111783374208
-6.501432776928499
-5.2899381888588195
-5.405170953812936
-5.36665269380798
-5.146544450512043
-5.401430776391626
-5.367727619034782
-4.958917634420529
-4.9375930762119635
-4.903867388886079
-4.784719406660685
-4.468056930794056
-5.094631652051508
-5.051300204685145
-5.1379451820567965
-4.747058055438183
-4.988182224243197
-4.794981754958123
-5.535734625482565
-5.451211200113809
-5.723889522153824
-4.8943984855199005
-5.184920903079581
-5.769389441508001
-5.040174005624797
-5.129907499940441
-4.483200338390203
-5.13048492797188
-5.146816718461845
-5.1700891862506815
-5.015845827204549
-5.471332962786415
-5.217234843324173
-5.346296521190041
-5.337143381401226
-5.324163993224622
-5.072347449689072
-4.882337928422911
-4.6116744059942265
-4.333950682513108
-4.227233967330563
-4.12245176877131
-3.563172870091696
-4.063712247270652
-4.1321300125078455
-3.937752990699537
-4.303470567362281
-3.940479363923387
-3.7990555342763783
-3.8400098949469337
-3.644728294738639
-3.7316893740833668
-3.8952160925491803
-3.577141845504253
-3.4693141739471174
-3.4623808075645566
-3.5068084706231386
-3.445649940814463
-3.53520581778398
-3.4637473768319653
-3.4604035902227923
-3.286903401942249
-3.2345236489371456
-3.246708769369157
-3.1486433156888185
-3.0383254093552643
-3.0675303392317788
-3.510180617843062
-3.172213030628764
-3.6279379216319305
-3.1821860769974495
-2.9345091514648804
-3.5864678939317174
-2.9657837860606655
-3.283620690024146
-3.0104657966767223
-3.4433278044232067
-3.174291501797171
-3.196181442686769
-3.158052790016573
-3.287841411087125
-2.8511957992000183
-3.0431816998949013
-2.8676756704491035
-2.907605965616878
-2.6519062413926178
-2.6442630700750276
-2.9459476033220167
-3.1870712570823607
-2.962487816216901
-3.1286971977115905
-3.1438516561415555
-3.037380880877707
-2.6516088894224654
-2.957193877540905
-3.153105977652056
-3.2220819227505664
-3.289642912326954
-3.098150063559437
-3.288582422793096
-2.8838482491045982
-2.7134295271239366
-3.1492015940402482
-2.694045201371648
-2.902269448852315
-2.9918281095022308
-2.8135616596410156
-3.155185815325049
-2.981433433790911
-2.917662486240222
-3.080426770759795
-2.939262617302118
-2.970810127745009
-2.9149627685315704
-2.6757592582327923
-2.4468501416050565
-3.2189658555315814
-2.9916064393923025
-3.1924174114354575
-3.1682942899143964
-3.313402361563589
-2.890555360167608
-2.920376147827731
-3.2946810848820145
-3.512082198354665
-8.071260541045778
-8.138990162722369
-7.746180204564983
-7.331508834234501
-7.6728585342526365
-7.339838205471942
-7.704179445534531
-7.40656384442995
-7.206535697917632
-7.4805014409007695
-7.28028216154443
-7.124998409279207
-6.905434498652391
-5.958259565565382
-3.7301397422377627
-2.174160572174905
-1.6680260497067054
-1.3382644372408838
-0.9068649940707278
-0.6584995080515437
-0.3447771548323561
-0.9360509223041074
-1.1045658864430024
-0.7091384643450815
-1.7952249549956751
-2.1816389302732078
-2.951080233600407
-4.466537351564693
-3.3517364707087807
-1.9561930967492207
-0.9117317735820343
-0.7169483948424518
-0.4191818566160898
-0.20567966990949021
-0.12133131361205213
-0.13294112361198146
-0.10471004612000784
-0.060366604872388485
0.058283054064072026
-0.1274543304348456
-0.5510102117541817
-1.293990167436977
-1.4876559080485883
-2.2033307744378985
-2.225413562581815
-1.7949642761466273
-1.4072873026395791
-1.376134109121457
-1.826011199179275
-1.563817120669725
-0.9966845068032677
-0.4277506966828086
0.1990197154439975
0.10834857900302658
-0.3253594394073606
-0.2036485462224255
-0.5460258928533113
-0.7031659212135215
-0.5320908314600314
0.009735812734190497
-0.08773248641613812
-0.0572288052721352
-0.23694699133139324
-0.9919098747917159
0.12597714677380423
0.3957379449230726
0.6973879068645121
0.8742958022528695
0.9146851851445998
0.8140098113886822
0.9418404044231001
0.8295272386653332
1.1548455849696986
1.131756816714746
1.1833115380345693
1.0071858423182725
1.2652013138948541
1.1796129597583163
1.202396092894433
1.2159553767847504
1.5469190284698844
1.6116626143591193
1.4680592739404654
1.6832238153315926
1.7009975355960274
1.2411618271955869
1.790724883979138
1.5259191243643289
1.267876269094214
1.2615298195943676
1.1819494961559627
1.2219719426380953
1.1658368596355093
1.421896748050542
1.3488411647209457
1.6742152113312925
1.4679960063317845
1.0518123556814134
0.08863652760104196
-1.6881951673398132
-4.242240173195988
-3.0529610887501586
-3.6047816827257857
-1.3569175607616726
-0.009497441955067465
0.19641366898695695
-0.1182815153357672
0.40469857365435785
0.3971389579047158
0.5550467857736463
0.5044063498129197
0.20434345394033554
-0.036830905977269957
-0.03226341257875348
0.01089166835913985
0.41570110406090094
-0.1467933044118454
-0.5181572239615624
0.09083877747045738
0.2608078946886823
0.6431159701852949
0.44893499880303406
0.47248945169786066
0.4296987934738897
0.7474985572922208
0.907216780291247
1.1177534086256486
1.1127530510317845
0.6453635588229976
0.911988732501751
1.4083690679405019
1.2988279761800057
0.9687871527249661
0.7843410496909498
0.7893682528764974
1.0506858393330092
0.8850551861011209
1.0537450367855163
1.2206866035513644
1.151255151964356
1.1943912313320075
1.2141669673723678
1.2929631746157535
0.9758660571943689
0.6545570265641525
1.0793971828022921
-0.8946083412860177
-1.316051195547354
-0.8686464450374627
-0.5045518923189165
-0.4833120073124008
-0.0907900349064314
0.39667077196718453
-0.03152676893183742
0.8359370174679841
0.7903143753946413
1.0999693921703428
1.3150433254289309
1.3928497314332475
1.1232008615185018
0.4761552573254129
0.500974524885516
-0.3530800402624494
-1.3026246378579243
-3.070672261740636
-2.584809883443149
-1.0768342204046364
-2.0491327417745597
-3.259179897273673
-1.7110396094887006
-1.1395802155692614
-1.7204439328834373
-3.1214469562645415
-2.517406903643223
-1.6840189902153353
-0.8091222024057829
-0.1721637141885634
0.012295938133903228
-0.0302981944179172
-0.37860996689836285
-0.6365645111926368
-0.0049791410701044425
0.4956057439022091
0.7603479980683423
1.0239118185195857
0.9748972812018233
1.1536820479044414
1.0207088317795299
1.0716220581590064
0.5282500510912038
0.7037063033251789
-0.07086759778936419
0.4289195253745766
0.6309338535368989
0.366905026778309
0.6140237030471845
0.7779786485984195
0.88591093021239
0.45855742999032884
1.3246694893521254
0.8871818151101467
0.9035684028725559
0.26015288229410355
0.5208703206959078
0.2689724033639887
0.19947665799647557
0.0954606621572281
-1.580921405044952
-1.0764271492013744
-1.3390916943209967
-2.394206803314247
-1.2609495131942479
-0.7647316609006525
-0.5991428080131589
-2.503982154997551
-1.045160319927836
-1.0937736839079546
-2.5178300465826875
-0.7401063958992216
-0.32671267243263785
-0.5469246284455158
-0.4610494324313607
-1.198864667398732
-1.047799510797719
-0.0014376526998748917
-0.6453939705777543
-1.220505125166637
-2.0585817272155356
-1.594652378275917
-1.764993783249089
-0.7551086408514036
-2.73117558527975
-1.3600881737618236
-1.6654318802091053
-1.9458052520459022
-0.20406117748167746
0.8551411660663046
0.8814412175828397
1.1183564258115635
0.8970710954462648
0.6965900341008306
-0.14148509020538674
-0.9156650147225542
-0.7266819018264321
0.18869549453104756
0.9098122211319644
0.7387837221930893
-0.7940506751650742
-0.6529319278089238
0.26753493058570493
0.6396270879193733
0.9386601446012783
0.9093864537379466
0.9622578724497235
1.1424011109786216
0.767835378451186
1.2394668813347034
0.8788496917312794
0.8922261080480463
0.8018960949518299
0.8879821856251084
-0.7377564050686527
-0.03247356758109515
0.6439919636235143
0.9100325724709875
0.4506361901007295
-0.5818993781926618
-3.1082523224356318
-2.797842995340605
-1.1213162856416259
-0.5523226953595353
0.0011092805458948196
0.27387401084697177
-0.09296814291568162
-0.22099876458134
-0.4812995094501333
-0.3106903812995225
-0.45170339901740747
0.037955630175204924
0.6863344204767863
0.3898086826072123
0.027696362837998756
0.5154847381540952
0.8414171720833676
0.45114983328907093
0.5063764287484764
-0.5900588876338302
-0.6220277573581112
-1.4514306969903872
-2.064450909080484
-2.6409353363597856
-0.9221857979307748
-1.6878958425249786
-0.5313294821975194
0.3131214210532541
0.6410719729870709
0.63523572698439
0.44620313390037253
0.3963937813470005
0.028149995392376337
0.4329973464061219
0.763755342916584
0.33676422914194176
-0.866031606609855
-0.7098259746102487
-0.06213531317684379
-0.3111765755511439
-1.9367288218267011
-0.8676042115040159
-1.0048771983157536
-0.5111030967603456
0.3536607528362144
1.0424610852476948
0.8409676063359035
0.4832593132655048
-0.3354469283781884
-0.6463921401535317
0.30031380823869674
0.3038066161026827
-2.1094422186107433
-0.4936745776813482
-0.23026435147827912
-0.813997208622731
0.20939687591578887
0.24229297030443658
-1.6283817351281813
-2.317325836259076
-3.54744829926631
-2.6380697502314354
-1.1186308354737091
-1.2176129232116197
-1.2185673277249334
-0.8344502913063072
-0.3703809181542678
-0.1727199980447522
-0.3915391941595964
-0.07445259078507699
-0.6714371053701449
0.12678650407868008
0.15162057024931058
0.39948366900122717
0.31153308458307755
0.2517197081930776
-0.2821071299308095
-0.21335593734219238
-0.25133942769889756
-1.3322447869914125
-0.5028188317251912
-0.4685836099007032
-0.7700509579670403
-0.17028600061019739
-0.8320676166170347
-0.844805442312542
-0.3179045017984448
0.47686089767767764
0.7142734234100792
0.6604994564088125
0.49328381036303554
0.8026075525174508
0.2283806867032115
-0.2730604181145277
-0.3104279994527352
-0.42054596182900167
-0.8026666375634515
-0.10207798597293632
0.17552722637102708
0.18690613916745474
-0.5728951584877058
-0.8078949804143745
-2.890150140100516
-4.0115228990307905
-3.6678357884514194
-3.5731980637001537
-2.800409973470074
